- OS: Windows-11-10.0.22631-SP0 10.0.22631
- Python: 3.12.4
- Stable-Baselines3: 2.4.0
- PyTorch: 2.4.1+cu124
- GPU Enabled: True
- Numpy: 1.26.4
- Cloudpickle: 2.2.1
- Gymnasium: 0.29.1
- OpenAI Gym: 0.26.2
